k : 3
算法： KNeighborsClassifier

函数 train 开始运行：
函数 train 运行了 0.004秒

函数 classify 开始运行：
函数 classify 运行了 66.274秒
((0.87, 0.974), 0.8541000000000001, 0.8539002124666112, array([[853,   1,  16,  15,   3,   0, 106,   1,   5,   0],
       [  9, 971,   2,  11,   4,   0,   2,   0,   1,   0],
       [ 27,   2, 812,   8,  78,   0,  73,   0,   0,   0],
       [ 48,   7,  22, 855,  30,   0,  36,   0,   2,   0],
       [  5,   3, 141,  24, 743,   0,  82,   0,   2,   0],
       [  1,   0,   0,   1,   0, 835,   3,  90,   0,  70],
       [177,   3, 132,  21,  63,   0, 595,   0,   9,   0],
       [  0,   0,   0,   0,   0,   3,   0, 952,   0,  45],
       [  7,   1,  10,   3,   3,   1,  16,   6, 952,   1],
       [  0,   0,   0,   0,   0,   2,   0,  24,   1, 973]], dtype=int64))

--------------
k : 5
算法： KNeighborsClassifier

函数 train 开始运行：
函数 train 运行了 0.004秒

函数 classify 开始运行：
函数 classify 运行了 70.753秒
((0.8658, 0.9718), 0.8554, 0.8546439722018905, array([[855,   1,  17,  16,   3,   1, 100,   1,   6,   0],
       [  8, 968,   4,  12,   4,   0,   3,   0,   1,   0],
       [ 24,   2, 819,  11,  75,   0,  69,   0,   0,   0],
       [ 41,   8,  15, 860,  39,   0,  34,   0,   3,   0],
       [  2,   1, 126,  26, 773,   0,  71,   0,   1,   0],
       [  1,   0,   0,   0,   0, 822,   5,  96,   1,  75],
       [176,   1, 132,  23,  80,   0, 575,   0,  13,   0],
       [  0,   0,   0,   0,   0,   3,   0, 961,   0,  36],
       [  2,   0,  10,   4,   7,   0,  16,   7, 953,   1],
       [  0,   0,   0,   0,   0,   2,   1,  29,   0, 968]], dtype=int64))

--------------
k : 7
算法： KNeighborsClassifier

函数 train 开始运行：
函数 train 运行了 0.004秒

函数 classify 开始运行：
函数 classify 运行了 69.003秒
((0.8596, 0.9677), 0.8539999999999999, 0.8534427202406816, array([[857,   1,  20,  17,   5,   0,  92,   1,   7,   0],
       [  8, 967,   6,  12,   4,   0,   2,   0,   1,   0],
       [ 20,   2, 814,  11,  78,   0,  75,   0,   0,   0],
       [ 35,   5,  16, 869,  36,   0,  37,   0,   2,   0],
       [  2,   0, 122,  25, 760,   0,  89,   0,   2,   0],
       [  1,   0,   0,   0,   0, 806,   5, 107,   1,  80],
       [173,   0, 129,  23,  74,   0, 588,   0,  13,   0],
       [  0,   0,   0,   0,   0,   2,   0, 957,   0,  41],
       [  1,   1,  13,   5,   7,   0,  12,   7, 952,   2],
       [  0,   0,   0,   0,   0,   1,   1,  28,   0, 970]], dtype=int64))

--------------
k : 9
算法： KNeighborsClassifier

函数 train 开始运行：
函数 train 运行了 0.004秒

函数 classify 开始运行：
函数 classify 运行了 67.986秒
((0.8587, 0.9643), 0.8519, 0.8513176586275855, array([[855,   0,  20,  18,   5,   0,  92,   1,   9,   0],
       [  8, 964,   7,  13,   4,   0,   3,   0,   1,   0],
       [ 22,   1, 818,  10,  74,   0,  74,   0,   1,   0],
       [ 35,   4,  16, 867,  37,   0,  39,   0,   2,   0],
       [  1,   0, 125,  24, 757,   0,  92,   0,   1,   0],
       [  1,   0,   0,   1,   0, 799,   5, 108,   3,  83],
       [186,   0, 131,  21,  71,   0, 578,   0,  13,   0],
       [  0,   0,   0,   0,   0,   2,   0, 963,   0,  35],
       [  0,   1,  13,   4,   9,   0,  15,   6, 950,   2],
       [  0,   0,   0,   0,   0,   1,   1,  30,   0, 968]], dtype=int64))

--------------
k : 11
算法： KNeighborsClassifier

函数 train 开始运行：
函数 train 运行了 0.004秒

函数 classify 开始运行：
函数 classify 运行了 69.606秒
((0.8545, 0.9623), 0.8495000000000001, 0.848968697771963, array([[860,   0,  18,  18,   5,   0,  90,   1,   8,   0],
       [ 10, 962,   6,  14,   4,   0,   4,   0,   0,   0],
       [ 22,   2, 807,   6,  88,   0,  74,   0,   1,   0],
       [ 35,   4,  14, 864,  41,   0,  41,   0,   1,   0],
       [  1,   0, 117,  27, 758,   0,  96,   0,   1,   0],
       [  1,   0,   0,   1,   0, 793,   5, 111,   2,  87],
       [178,   0, 135,  22,  75,   0, 576,   0,  14,   0],
       [  0,   0,   0,   0,   0,   2,   0, 960,   0,  38],
       [  1,   1,  15,   2,  10,   0,  15,   6, 948,   2],
       [  0,   0,   0,   0,   0,   0,   1,  32,   0, 967]], dtype=int64))

--------------
k : 13
算法： KNeighborsClassifier

函数 train 开始运行：
函数 train 运行了 0.005秒

函数 classify 开始运行：
函数 classify 运行了 66.846秒
((0.8508, 0.9619), 0.8468, 0.8461239392592435, array([[861,   0,  17,  17,   5,   0,  90,   1,   9,   0],
       [  8, 959,   7,  17,   4,   0,   4,   0,   1,   0],
       [ 19,   2, 804,   6,  82,   0,  86,   0,   1,   0],
       [ 35,   4,  12, 867,  41,   0,  39,   0,   2,   0],
       [  1,   0, 110,  28, 761,   0,  97,   0,   3,   0],
       [  1,   0,   0,   2,   0, 787,   6, 115,   2,  87],
       [189,   1, 135,  23,  73,   0, 564,   0,  15,   0],
       [  0,   0,   0,   0,   0,   2,   0, 955,   0,  43],
       [  2,   1,  15,   2,  10,   0,  14,   6, 948,   2],
       [  0,   0,   0,   0,   0,   0,   1,  37,   0, 962]], dtype=int64))

--------------
k : 15
算法： KNeighborsClassifier

函数 train 开始运行：
函数 train 运行了 0.004秒

函数 classify 开始运行：
函数 classify 运行了 70.531秒
((0.8504, 0.9604), 0.8462, 0.8455097736082798, array([[864,   0,  19,  18,   7,   0,  81,   1,  10,   0],
       [  8, 957,   7,  19,   4,   0,   4,   0,   1,   0],
       [ 17,   2, 799,   6,  84,   0,  91,   0,   1,   0],
       [ 34,   4,  15, 872,  37,   0,  37,   0,   1,   0],
       [  0,   0, 110,  29, 759,   0,  99,   0,   3,   0],
       [  1,   0,   0,   2,   0, 779,   7, 121,   2,  88],
       [184,   1, 135,  24,  73,   0, 568,   0,  15,   0],
       [  0,   0,   0,   0,   0,   2,   0, 955,   0,  43],
       [  2,   1,  19,   2,   9,   0,  14,   7, 944,   2],
       [  0,   0,   1,   0,   0,   0,   1,  33,   0, 965]], dtype=int64))

--------------
k : 17
算法： KNeighborsClassifier

函数 train 开始运行：
函数 train 运行了 0.004秒

函数 classify 开始运行：
函数 classify 运行了 67.715秒
((0.8472, 0.9589), 0.8441000000000001, 0.843445124240008, array([[865,   0,  17,  18,   8,   0,  80,   1,  11,   0],
       [  9, 956,   8,  18,   4,   0,   4,   0,   1,   0],
       [ 18,   1, 797,   6,  84,   0,  91,   0,   3,   0],
       [ 38,   4,  12, 864,  43,   0,  38,   0,   1,   0],
       [  0,   0, 105,  26, 757,   0, 108,   0,   4,   0],
       [  1,   0,   0,   2,   0, 777,   7, 123,   2,  88],
       [189,   0, 141,  22,  72,   0, 562,   0,  14,   0],
       [  0,   0,   0,   0,   0,   2,   0, 951,   0,  47],
       [  1,   1,  20,   3,   8,   0,  13,   7, 945,   2],
       [  0,   0,   0,   0,   0,   0,   2,  31,   0, 967]], dtype=int64))

--------------
k : 19
算法： KNeighborsClassifier

函数 train 开始运行：
函数 train 运行了 0.004秒

函数 classify 开始运行：
函数 classify 运行了 67.489秒
((0.846, 0.957), 0.8427, 0.842103114881807, array([[862,   0,  17,  18,   8,   0,  83,   1,  11,   0],
       [  8, 955,   9,  18,   4,   0,   5,   0,   1,   0],
       [ 19,   1, 795,   6,  86,   0,  90,   0,   3,   0],
       [ 34,   5,  15, 867,  42,   0,  35,   0,   2,   0],
       [  0,   0, 104,  24, 757,   0, 111,   0,   4,   0],
       [  1,   0,   0,   2,   0, 777,   7, 123,   2,  88],
       [188,   0, 139,  24,  74,   0, 561,   0,  14,   0],
       [  0,   0,   0,   0,   0,   2,   0, 948,   0,  50],
       [  0,   1,  24,   3,   8,   0,  12,   8, 942,   2],
       [  0,   0,   1,   0,   0,   1,   1,  34,   0, 963]], dtype=int64))

--------------
k : 21
算法： KNeighborsClassifier

函数 train 开始运行：
函数 train 运行了 0.004秒

函数 classify 开始运行：
函数 classify 运行了 69.16秒
((0.8459, 0.9566), 0.8407, 0.8402095080012781, array([[860,   0,  18,  19,   8,   0,  83,   1,  11,   0],
       [  9, 952,   9,  19,   4,   0,   7,   0,   0,   0],
       [ 20,   1, 795,   6,  82,   0,  93,   0,   3,   0],
       [ 31,   5,  15, 864,  41,   0,  41,   0,   3,   0],
       [  0,   0, 107,  27, 752,   0, 110,   0,   4,   0],
       [  1,   0,   0,   2,   0, 772,   7, 129,   2,  87],
       [188,   1, 141,  21,  75,   0, 559,   0,  15,   0],
       [  0,   0,   0,   0,   0,   1,   0, 951,   0,  48],
       [  1,   1,  21,   3,   8,   0,  16,   8, 940,   2],
       [  0,   0,   0,   0,   0,   0,   2,  36,   0, 962]], dtype=int64))

--------------
k : 23
算法： KNeighborsClassifier

函数 train 开始运行：
函数 train 运行了 0.004秒

函数 classify 开始运行：
函数 classify 运行了 68.896秒
((0.8425, 0.9556), 0.8394, 0.8388137435841617, array([[866,   0,  17,  20,   7,   0,  78,   1,  11,   0],
       [  8, 951,   9,  21,   4,   0,   7,   0,   0,   0],
       [ 17,   1, 787,   7,  91,   0,  94,   0,   3,   0],
       [ 37,   5,  14, 865,  40,   0,  36,   0,   3,   0],
       [  0,   0, 102,  26, 753,   0, 115,   0,   4,   0],
       [  1,   0,   0,   2,   0, 767,   6, 132,   2,  90],
       [189,   1, 146,  20,  70,   0, 558,   0,  16,   0],
       [  0,   0,   0,   0,   0,   1,   0, 949,   0,  50],
       [  1,   1,  22,   4,   8,   0,  16,   9, 937,   2],
       [  0,   0,   0,   0,   0,   0,   2,  37,   0, 961]], dtype=int64))


进程已结束，退出代码为 0
